0101111001010010110100100111000111011010
0011101011110011000001000111011110111001
0110110101110100011100101001000000000010
1110001111001001011110001100001011000001
0001000110010001110000100010000111001110
0101001010101011110100001011000110110001
1001111110110000100100011010001100100000
1101001001100100100111100001111000100000
1110110110100010101010010110000100000111
1010101100010100011000110110010110011100
0111110111110101001000110100011011001000
1111010101000011010100010001110110110101
1110010001000101011100011001110101010110
0010000001001110101001010111010110011000
0001100110110000111001101000001110110010
0100011000101110000101111100110001110110
1100111001001011110000010010111100111000
1101010010010100110111010110010011000110
0111101011000010000101010010111010100100
1111101011101010110110110110101010100110
1111001011100101001001010010010111101100
0111010001100101110010011100001110101010
0001101011010001011110100000001111010011
0011101100011101111101011100111000100011
1100010001010011011001100010101001110011
0000111111010001111011001111001111100010
0010000101100011100001011001110110000101
0101001100110111000011100010011101001110
0010111100110010101100101100000011111101
1110101011100100001100001111011100000100
1101001000010010001000101011110001000111
0001101010101011110111110110111010001110
0010011011110011010111111000001001101101
1011011101011001110000111101101101000110
0000110011001111111111010011000110010001
0001110011000001000101011111010011000000
1111001111100111111101110100000101010010
1000011100000101100101000110101111100010
1100001010000011101100100011100001101010
1011110111011010010101000011001010000011
